City,Amsterdam,Antwerp,Athens,Barcelona,Belgrade,Berlin,Bratislava,Brussels,Bucharest,Budapest,Chisinau,Coimbra,Copenhagen,Dublin,Edinburgh,Frankfurt,Geneva,Hamburg,Helsinki,Larnaca,Lisbon,Ljubljana,London,Luxembourg City,Lyon,Madrid,Milan,Minsk,Munich,Nice,Oslo,Paris,Podgorica,Prague,Reykjavik,Riga,Rome,Sarajevo,Seville,Skopje,Sofia,Stockholm,Tallinn,Tirana,Valletta,Vienna,Vilnius,Warsaw,Zagreb,Zurich
Amsterdam,237.74,-,418.65,203.13,316.03,189.55,333.28000000000003,414.9,264.5,289.58,238.49,-,119.43,182.11,232.41,211.51,193.98,264.71,118.87,337.37,235.57,130.25,187.75,406.74,295.33,172.6,135.14,-,186.1,167.72,230.4,263.14,283.26,217.04,184.89,250.68,348.74,257.3,232.6,267.78000000000003,145.23,168.48,177.42,221.21999999999997,233.96999999999997,346.79,266.34,283.08,294.58,194.89
Antwerp,-,-,-,-,-,-,-,-,-,-,-,-,-,-,-,-,-,-,-,-,-,-,-,-,-,-,-,-,-,-,-,-,-,-,-,-,-,-,-,-,-,-,-,-,-,-,-,-,-,-
Athens,418.65,-,127.9,240.24,140.67000000000002,228.42,214.15,225.89,113.07,207.32000000000002,196.27,-,161.97,534.5,533.77,98.87,193.85,308.55,160.06,74.03,334.66,223.89999999999998,286.7,594.34,104.57,475.26,188.37,-,144.99,290.02,516.7,131.43,210.45,150.35,194.75,151.56,225.18,171.94,227.24,148.65,98.57,337.93,66.34,63.95,209.85,355.89,191.8,295.58,246.89,310.61
Barcelona,203.13,-,240.24,75.64,61.12,194.22,262.89,159.11,142.58,130.3,155.06,-,94.89,123.93,164.33,262.9,222.56,89.38,256.27,245.24,89.07,144.35,127.72,461.87,67.71,70.96,37.82,-,136.57,95.92,56.04,114.69,130.9,237.46,285.67,335.33,52.73,164.1,66.11,203.41,81.49,181.77,123.47999999999999,107.26,136.65,146.84,171.14,81.86,167.34,108.17
Belgrade,316.03,-,140.67000000000002,61.12,122.24,126.62,246.04000000000002,183.98000000000002,240.79,75.61,125.39,-,112.69,185.05,183.83,155.57,228.05,150.5,174.91,214.70000000000002,219.75,83.23,108.66,210.29,128.82999999999998,132.07999999999998,144.9,-,421.48,72.28,75.54,126.64,69.78,287.65,201.01999999999998,172.13,131.78,178.20999999999998,127.22999999999999,180.54000000000002,102.35,167.2,142.98000000000002,76.72,225.81,144.6,212.37,176.32,106.22,203.91
Berlin,189.55,-,228.42,194.22,126.62,144.9,143.73000000000002,270.31,156.68,111.86,142.69,-,131.81,170.53,164.74,121.95,297.84,183.17000000000002,110.73,291.56000000000006,196.85,209.85000000000002,171.87,322.2,113.77,188.2,122.92,-,118.96,256.64,212.09,234.58,196.4,168.61,566.04,455.65,72.45,237.79000000000002,209.39999999999998,78.23,243.14,150.12,204.29000000000002,153.58,116.12,526.52,387.05,237.3,232.84,273.97
Bratislava,333.28000000000003,-,214.15,262.89,246.04000000000002,143.73000000000002,131.0,167.5,267.44,170.43,220.21,-,239.71,312.32,243.21,303.93,246.97,268.12,221.76,288.18,333.65,329.27,168.34,400.6,257.5,300.77,233.93,-,262.69,262.59000000000003,206.85,277.42,315.82,289.39,247.87,276.78,216.18,225.06,302.98,65.5,254.08,263.9,191.56,270.08000000000004,259.85,279.95,317.02,225.81,252.99,241.67
Brussels,414.9,-,225.89,159.11,183.98000000000002,270.31,167.5,204.0,112.17,126.62,171.4,-,201.06,208.67,430.62,270.7,211.31,276.79,328.52,245.24,389.7,263.84,133.12,323.75,192.95,207.62,179.77,-,263.2,194.03,303.36,249.99,253.76,160.82,852.94,300.85,327.85,202.67000000000002,160.21,102.0,102.0,164.37,295.0,107.26,179.53,335.16,165.22,136.63,154.83,426.22
Bucharest,264.5,-,113.07,142.58,240.79,156.68,267.44,112.17,121.18,115.11,114.66,-,112.6,147.36,168.88,127.56,190.56,174.05,100.74,205.93,163.05,219.36,168.32,274.96999999999997,146.8,190.26,63.33,-,208.8,136.96,60.59,161.66,205.91,127.87,194.12,150.54,84.23,168.65,142.58,214.17000000000002,122.13,118.92,128.03,138.13,162.16,229.39,189.97,275.51,242.35,551.22
Budapest,289.58,-,207.32000000000002,130.3,75.61,111.86,170.43,126.62,115.11,99.56,49.78,-,69.28,252.87,192.63,153.53,296.55,169.25,117.84,439.34,165.85,158.84,104.93,508.82,167.5,175.4,80.43,-,186.1,92.16,311.29,172.23,145.39,176.47000000000003,197.29000000000002,467.87,104.93,174.48000000000002,184.36,104.93,142.83,150.72,140.98000000000002,152.32999999999998,179.26,188.73,207.07,94.85,181.82999999999998,398.42
Chisinau,238.49,-,196.27,155.06,125.39,142.69,220.21,171.4,114.66,49.78,99.56,-,119.06,142.3,231.2,203.31,260.83,165.07,184.26,270.3,215.63,208.62,169.37,260.32,187.75,148.16,146.85,-,235.88,141.94,123.03,198.05,195.17,133.01,261.73,178.5,125.18,213.05,204.19,154.71,163.08,111.29,205.42000000000002,179.08,220.37,532.61,218.74,73.2,231.60999999999999,260.91999999999996
Coimbra,-,-,-,-,-,-,-,-,-,-,-,-,-,-,-,-,-,-,-,-,-,-,-,-,-,-,-,-,-,-,-,-,-,-,-,-,-,-,-,-,-,-,-,-,-,-,-,-,-,-
Copenhagen,119.43,-,161.97,94.89,112.69,131.81,239.71,201.06,112.6,69.28,119.06,-,86.84,127.0,202.86,181.69,302.65,235.02,135.69,236.0,357.85,195.92000000000002,119.33,334.56,186.81,158.7,43.42,-,121.98,268.62,79.17,139.11,182.47,183.93,174.20999999999998,59.44,79.72,187.23000000000002,147.35000000000002,174.21,116.97,55.07,144.66,129.5,142.25,190.41,209.83,53.97,278.98,196.77
Dublin,182.11,-,534.5,123.93,185.05,170.53,312.32,208.67,147.36,252.87,142.3,-,127.0,189.9,197.53,141.83,248.26999999999998,94.95,179.77,333.23,254.61,268.28000000000003,156.81,367.44,396.68,233.03,185.04,-,246.97,419.79,197.55,152.43,254.83,301.74,163.0,186.44,199.42,226.36,307.98,246.82,205.42000000000002,248.19,192.86,231.19,205.67000000000002,270.77,226.68,180.97,291.27,299.37
Edinburgh,232.41,-,533.77,164.33,183.83,164.74,243.21,430.62,168.88,192.63,231.2,-,202.86,197.53,175.4,491.01,396.33,200.31,210.45,264.12,317.99,267.06,87.7,345.12,218.95999999999998,263.43,305.47,-,257.51,240.49,108.29,264.31,253.61,211.06,136.05,208.97,224.64999999999998,157.25,230.44,177.71,194.03,257.48,123.75,254.04000000000002,280.86,278.92,249.21,158.0,277.2,603.75
Frankfurt,211.51,-,98.87,262.9,155.57,121.95,303.93,270.7,127.56,153.53,203.31,-,181.69,141.83,491.01,197.74,491.01,143.36,120.73,1020.92,277.73,161.36,135.59,277.73,263.2,176.06,182.88,-,254.75,387.05,175.21,244.79,225.35,609.71,572.4,289.78,229.14,448.01,251.81,241.73,106.33,275.74,184.87,245.29,517.52,584.75,446.54,147.27,328.97,455.1
Geneva,193.98,-,193.85,222.56,228.05,297.84,246.97,211.31,190.56,296.55,260.83,-,302.65,248.26999999999998,396.33,491.01,182.92,316.31,223.38,267.88,431.86,288.74,91.46,307.84,222.71999999999997,772.84,169.88,-,779.16,198.48,129.97,176.69,269.9,215.06,183.82,212.73,304.47,161.01,383.89,181.47,197.79,188.3,127.50999999999999,255.95999999999998,268.71,861.35,252.97,577.01,280.96,557.68
Hamburg,264.71,-,308.55,89.38,150.5,183.17000000000002,268.12,276.79,174.05,169.25,165.07,-,235.02,94.95,200.31,143.36,316.31,178.76,161.07,289.03,210.93,233.73000000000002,112.61,182.2,157.08999999999997,139.65,110.72,-,140.07,110.73,115.63,763.87,220.28,206.76,204.97,183.78,110.72,182.16,155.49,202.62,148.62,159.66,148.66,261.76,110.72,491.9,197.63,202.82,256.72,159.66
Helsinki,118.87,-,160.06,256.27,174.91,110.73,221.76,328.52,100.74,117.84,184.26,-,135.69,179.77,210.45,120.73,223.38,161.07,74.82,234.09,790.32,249.12,66.25,254.09,142.94,199.54,37.41,-,78.85,227.34,99.43,158.02,241.17,483.16,202.9,54.63,189.63,135.8,141.34,156.26,118.89999999999999,37.52,93.72,123.49,136.24,507.08,122.25,127.92,255.75,245.37
Larnaca,337.37,-,74.03,245.24,214.70000000000002,291.56000000000006,288.18,245.24,205.93,439.34,270.3,-,236.0,333.23,264.12,1020.92,267.88,289.03,234.09,148.06,300.23,297.93,351.26,382.62,178.6,245.24,224.06,-,1017.02,244.61,207.81,205.46,284.48,224.06,268.78,225.59,191.88000000000002,245.97,301.27000000000004,222.68,172.6,284.05,140.37,137.98000000000002,248.98,607.45,265.83000000000004,279.27,320.92,1252.64
Lisbon,235.57,-,334.66,89.07,219.75,196.85,333.65,389.7,163.05,165.85,215.63,-,357.85,254.61,317.99,277.73,431.86,210.93,790.32,300.23,178.14,302.81,220.36,253.08,121.63,105.55,99.72,-,353.13,147.3,617.46,116.99,289.36,534.41,230.51,191.76,129.67,247.69,168.69,268.15,167.57,352.99,214.19,183.57,198.55,235.91,226.36,322.2,325.8,280.49
Ljubljana,130.25,-,223.89999999999998,144.35,83.23,209.85000000000002,329.27,263.84,219.36,158.84,208.62,-,195.92000000000002,268.28000000000003,267.06,161.36,288.74,233.73000000000002,249.12,297.93,302.81,166.46,383.92,266.55,212.06,215.31,228.13,-,266.16,155.51,158.77,305.74,153.01,246.02999999999997,315.14,248.72000000000003,208.23999999999998,266.83000000000004,210.45999999999998,263.77,185.57999999999998,199.93,226.21,159.95,303.42999999999995,220.85999999999999,295.6,161.84,189.45,464.38
London,187.75,-,286.7,127.72,108.66,171.87,168.34,133.12,168.32,104.93,169.37,-,119.33,156.81,87.7,135.59,91.46,112.61,66.25,351.26,220.36,383.92,72.1,319.24,131.26,217.3,78.42,-,187.55,204.47,38.51,121.91,178.44,133.88,92.36,232.16,136.95,69.55,147.47,90.01,106.33,217.16,36.05,170.24,266.48,191.22,236.83,70.3,263.15,100.79
Luxembourg City,406.74,-,594.34,461.87,210.29,322.2,400.6,323.75,274.96999999999997,508.82,260.32,-,334.56,367.44,345.12,277.73,307.84,182.2,254.09,382.62,253.08,266.55,319.24,276.02,253.30999999999997,335.54,216.68,-,211.04,138.01,236.95,197.26,280.07,286.9,347.47,308.72,190.73999999999998,326.97,300.03999999999996,335.1,228.64,315.95,254.75,244.64,285.92999999999995,479.64,343.32,187.12,316.51,578.59
Lyon,295.33,-,104.57,67.71,128.82999999999998,113.77,257.5,192.95,146.8,167.5,187.75,-,186.81,396.68,218.95999999999998,263.2,222.71999999999997,157.08999999999997,142.94,178.6,121.63,212.06,131.26,253.30999999999997,125.14,182.27,105.53,-,320.47,115.3,123.75,175.47,198.60999999999999,103.89,223.62,197.57,62.57,200.81,158.22,192.0,100.47,182.07999999999998,167.31,132.31,105.28,406.37,232.17000000000002,214.67,235.04999999999998,175.88
Madrid,172.6,-,475.26,70.96,132.07999999999998,188.2,300.77,207.62,190.26,175.4,148.16,-,158.7,233.03,263.43,176.06,772.84,139.65,199.54,245.24,105.55,215.31,217.3,335.54,182.27,112.06,92.37,-,209.15,129.67,154.31,144.4,201.85999999999999,169.89,205.51,227.93,114.46,214.81,56.03,235.26999999999998,85.54,272.29,206.84,107.26,191.2,380.42,219.01,74.96,238.29999999999998,171.04
Milan,135.14,-,188.37,37.82,144.9,122.92,233.93,179.77,63.33,80.43,146.85,-,43.42,185.04,305.47,182.88,169.88,110.72,37.41,224.06,99.72,228.13,78.42,216.68,105.53,92.37,74.82,-,118.59,106.77,323.38,78.57,214.68,96.04,130.79,92.03999999999999,54.04,147.97,103.93,168.43,81.49,363.38,114.47,86.08,98.83,203.18,126.64,82.2,251.12,114.07
Minsk,-,-,-,-,-,-,-,-,-,-,-,-,-,-,-,-,-,-,-,-,-,-,-,-,-,-,-,-,-,-,-,-,-,-,-,-,-,-,-,-,-,-,-,-,-,-,-,-,-,-
Munich,186.1,-,144.99,136.57,421.48,118.96,262.69,263.2,208.8,186.1,235.88,-,121.98,246.97,257.51,254.75,779.16,140.07,78.85,1017.02,353.13,266.16,187.55,211.04,320.47,209.15,118.59,-,157.7,293.71,341.75,157.33,304.45,260.58,891.99,363.28,202.12,257.1,396.19,197.19,206.35,430.76,172.57,204.67000000000002,335.9,244.15,381.41,166.62,305.15,504.94
Nice,167.72,-,290.02,95.92,72.28,256.64,262.59000000000003,194.03,136.96,92.16,141.94,-,268.62,419.79,240.49,387.05,198.48,110.73,227.34,244.61,147.3,155.51,204.47,138.01,115.3,129.67,106.77,-,293.71,105.46,147.82,127.51,142.06,219.78,245.14999999999998,201.95999999999998,52.73,222.33999999999997,162.03,197.09,90.63,324.26,116.74,106.63,147.92,92.36,242.2,364.59,178.5,394.74
Oslo,230.4,-,516.7,56.04,75.54,212.09,206.85,303.36,60.59,311.29,123.03,-,79.17,197.55,108.29,175.21,129.97,115.63,99.43,207.81,617.46,158.77,38.51,236.95,123.75,154.31,323.38,-,341.75,147.82,77.02,263.35,145.32,265.79,277.06,190.52,448.13,108.06,122.15,201.91,137.53,58.33,67.44,152.26,211.01999999999998,273.74,230.89,49.83,181.76,142.97
Paris,263.14,-,131.43,114.69,126.64,234.58,277.42,249.99,161.66,172.23,198.05,-,139.11,152.43,264.31,244.79,176.69,763.87,158.02,205.46,116.99,305.74,121.91,197.26,175.47,144.4,78.57,-,157.33,127.51,263.35,157.14,196.42000000000002,157.19,566.73,837.52,153.33,191.45999999999998,132.61,211.92000000000002,184.52,212.46,207.88,255.86,113.05,180.24,536.15,171.02,486.51,167.87
Podgorica,283.26,-,210.45,130.9,69.78,196.4,315.82,253.76,205.91,145.39,195.17,-,182.47,254.83,253.61,225.35,269.9,220.28,241.17,284.48,289.36,153.01,178.44,280.07,198.60999999999999,201.85999999999999,214.68,-,304.45,142.06,145.32,196.42000000000002,139.56,232.57999999999998,270.8,235.26999999999998,194.79,247.99,197.01,250.32,172.13,203.64999999999998,212.76,146.5,289.98,507.59,282.15,195.14999999999998,176.0,176.21
Prague,217.04,-,150.35,237.46,287.65,168.61,289.39,160.82,127.87,176.47000000000003,133.01,-,183.93,301.74,211.06,609.71,215.06,206.76,483.16,224.06,534.41,246.02999999999997,133.88,286.9,103.89,169.89,96.04,-,260.58,219.78,265.79,157.19,232.57999999999998,172.16,285.86,410.93,96.16,203.43,199.97000000000003,223.89,125.44,176.14,169.93,86.08,191.35,196.76,222.68,319.65,269.02,584.86
Reykjavik,184.89,-,194.75,285.67,201.01999999999998,566.04,247.87,852.94,194.12,197.29000000000002,261.73,-,174.20999999999998,163.0,136.05,572.4,183.82,204.97,202.9,268.78,230.51,315.14,92.36,347.47,223.62,205.51,130.79,-,891.99,245.14999999999998,277.06,566.73,270.8,285.86,184.72,359.44,372.95,161.91,234.72,182.37,198.69,271.12,128.41,216.87,229.62,277.78,253.87,474.42,281.86,319.77
Riga,250.68,-,151.56,335.33,172.13,455.65,276.78,300.85,150.54,467.87,178.5,-,59.44,186.44,208.97,289.78,212.73,183.78,54.63,225.59,191.76,248.72000000000003,232.16,308.72,197.57,227.93,92.03999999999999,-,363.28,201.95999999999998,190.52,837.52,235.26999999999998,410.93,359.44,63.24,477.94,190.82,195.97,211.28,173.52999999999997,31.62,85.22,178.12,189.72,426.94,40.24,324.71,271.71,228.93
Rome,348.74,-,225.18,52.73,131.78,72.45,216.18,327.85,84.23,104.93,125.18,-,79.72,199.42,224.64999999999998,229.14,304.47,110.72,189.63,191.88000000000002,129.67,208.23999999999998,136.95,190.73999999999998,62.57,114.46,54.04,-,202.12,52.73,448.13,153.33,194.79,96.16,372.95,477.94,75.8,202.01,136.95,150.68,37.9,170.97,168.51,53.9,95.19,201.23,497.96,102.03,423.55,373.9
Sarajevo,257.3,-,171.94,164.1,178.20999999999998,237.79000000000002,225.06,202.67000000000002,168.65,174.48000000000002,213.05,-,187.23000000000002,226.36,157.25,448.01,161.01,182.16,135.8,245.97,247.69,266.83000000000004,69.55,326.97,200.81,214.81,147.97,-,257.1,222.33999999999997,108.06,191.45999999999998,247.99,203.43,161.91,190.82,202.01,139.1,217.01999999999998,159.56,175.88,166.39,105.6,234.05,246.8,380.03,231.06,139.85,119.95,170.34
Seville,232.6,-,227.24,66.11,127.22999999999999,209.39999999999998,302.98,160.21,142.58,184.36,204.19,-,147.35000000000002,307.98,230.44,251.81,383.89,155.49,141.34,301.27000000000004,168.69,210.45999999999998,147.47,300.03999999999996,158.22,56.03,103.93,-,396.19,162.03,122.15,132.61,197.01,199.97000000000003,234.72,195.97,136.95,217.01999999999998,112.06,237.48000000000002,141.57,169.08,183.51999999999998,163.29000000000002,202.76,212.95,230.57,130.99,233.45,391.0
Skopje,267.78000000000003,-,148.65,203.41,180.54000000000002,78.23,65.5,102.0,214.17000000000002,104.93,154.71,-,174.21,246.82,177.71,241.73,181.47,202.62,156.26,222.68,268.15,263.77,90.01,335.1,192.0,235.26999999999998,168.43,-,197.19,197.09,201.91,211.92000000000002,250.32,223.89,182.37,211.28,150.68,159.56,237.48000000000002,131.0,188.58,198.4,126.06,204.58,194.35000000000002,214.45,251.52,160.31,187.49,176.17
Sofia,145.23,-,98.57,81.49,102.35,243.14,254.08,102.0,122.13,142.83,163.08,-,116.97,205.42000000000002,194.03,106.33,197.79,148.62,118.89999999999999,172.6,167.57,185.57999999999998,106.33,228.64,100.47,85.54,81.49,-,206.35,90.63,137.53,184.52,172.13,125.44,198.69,173.52999999999997,37.9,175.88,141.57,188.58,75.8,172.04,142.38,91.8,133.09,121.66,208.13,247.63,208.57,154.97
Stockholm,168.48,-,337.93,181.77,167.2,150.12,263.9,164.37,118.92,150.72,111.29,-,55.07,248.19,257.48,275.74,188.3,159.66,37.52,284.05,352.99,199.93,217.16,315.95,182.07999999999998,272.29,363.38,-,430.76,324.26,58.33,212.46,203.64999999999998,176.14,271.12,31.62,170.97,166.39,169.08,198.4,172.04,63.24,143.68,209.74,199.28,321.76,201.57,38.09,240.08999999999997,519.43
Tallinn,177.42,-,66.34,123.47999999999999,142.98000000000002,204.29000000000002,191.56,295.0,128.03,140.98000000000002,205.42000000000002,-,144.66,192.86,123.75,184.87,127.50999999999999,148.66,93.72,140.37,214.19,226.21,36.05,254.75,167.31,206.84,114.47,-,172.57,116.74,67.44,207.88,212.76,169.93,128.41,85.22,168.51,105.6,183.51999999999998,126.06,142.38,143.68,72.1,130.29000000000002,213.3,191.20000000000002,125.46000000000001,195.95,225.55,282.83
Tirana,221.21999999999997,-,63.95,107.26,76.72,153.58,270.08000000000004,107.26,138.13,152.32999999999998,179.08,-,129.5,231.19,254.04000000000002,245.29,255.95999999999998,261.76,123.49,137.98000000000002,183.57,159.95,170.24,244.64,132.31,107.26,86.08,-,204.67000000000002,106.63,152.26,255.86,146.5,86.08,216.87,178.12,53.9,234.05,163.29000000000002,204.58,91.8,209.74,130.29000000000002,107.8,149.09,60.91,212.72,323.43,182.94,492.91
Valletta,233.96999999999997,-,209.85,136.65,225.81,116.12,259.85,179.53,162.16,179.26,220.37,-,142.25,205.67000000000002,280.86,517.52,268.71,110.72,136.24,248.98,198.55,303.42999999999995,266.48,285.92999999999995,105.28,191.2,98.83,-,335.9,147.92,211.01999999999998,113.05,289.98,191.35,229.62,189.72,95.19,246.8,202.76,194.35000000000002,133.09,199.28,213.3,149.09,190.38,210.0,225.47,161.19,332.03,252.18
Vienna,346.79,-,355.89,146.84,144.6,526.52,279.95,335.16,229.39,188.73,532.61,-,190.41,270.77,278.92,584.75,861.35,491.9,507.08,607.45,235.91,220.85999999999999,191.22,479.64,406.37,380.42,203.18,-,244.15,92.36,273.74,180.24,507.59,196.76,277.78,426.94,201.23,380.03,212.95,214.45,121.66,321.76,191.20000000000002,60.91,210.0,121.82,293.39,252.53,238.4,586.64
Vilnius,266.34,-,191.8,171.14,212.37,387.05,317.02,165.22,189.97,207.07,218.74,-,209.83,226.68,249.21,446.54,252.97,197.63,122.25,265.83000000000004,226.36,295.6,236.83,343.32,232.17000000000002,219.01,126.64,-,381.41,242.2,230.89,536.15,282.15,222.68,253.87,40.24,497.96,231.06,230.57,251.52,208.13,201.57,125.46000000000001,212.72,225.47,293.39,80.48,333.81,320.05,301.13
Warsaw,283.08,-,295.58,81.86,176.32,237.3,225.81,136.63,275.51,94.85,73.2,-,53.97,180.97,158.0,147.27,577.01,202.82,127.92,279.27,322.2,161.84,70.3,187.12,214.67,74.96,82.2,-,166.62,364.59,49.83,171.02,195.14999999999998,319.65,474.42,324.71,102.03,139.85,130.99,160.31,247.63,38.09,195.95,323.43,161.19,252.53,333.81,76.18,223.64,200.81
Zagreb,294.58,-,246.89,167.34,106.22,232.84,252.99,154.83,242.35,181.82999999999998,231.60999999999999,-,278.98,291.27,277.2,328.97,280.96,256.72,255.75,320.92,325.8,189.45,263.15,316.51,235.04999999999998,238.29999999999998,251.12,-,305.15,178.5,181.76,486.51,176.0,269.02,281.86,271.71,423.55,119.95,233.45,187.49,208.57,240.08999999999997,225.55,182.94,332.03,238.4,320.05,223.64,212.44,325.8
Zurich,194.89,-,310.61,108.17,203.91,273.97,241.67,426.22,551.22,398.42,260.91999999999996,-,196.77,299.37,603.75,455.1,557.68,159.66,245.37,1252.64,280.49,464.38,100.79,578.59,175.88,171.04,114.07,-,504.94,394.74,142.97,167.87,176.21,584.86,319.77,228.93,373.9,170.34,391.0,176.17,154.97,519.43,282.83,492.91,252.18,586.64,301.13,200.81,325.8,201.58
